2024 02 16  1525   60356   55500  0  1.59e+04  4.96e+02  0  7.30e+03  4.09e+02  6.75e+01  2.95e+01  8.85e+00  -1.00
2024 02 16  1530   60356   55800  0  1.65e+04  5.02e+02  0  7.08e+03  4.30e+02  6.85e+01  2.79e+01  9.18e+00  -1.00
2024 02 16  1535   60356   56100  0  1.61e+04  5.00e+02  0  7.38e+03  4.30e+02  6.83e+01  2.76e+01  1.01e+01  -1.00
2024 02 16  1540   60356   56400  0  1.58e+04  5.08e+02  0  7.45e+03  4.19e+02  6.79e+01  2.63e+01  9.37e+00  -1.00
2024 02 16  1545   60356   56700  0  1.57e+04  4.79e+02  0  7.10e+03  4.33e+02  6.80e+01  2.85e+01  9.39e+00  -1.00
2024 02 16  1550   60356   57000  0  1.61e+04  5.16e+02  0  7.27e+03  4.06e+02  6.73e+01  2.87e+01  9.26e+00  -1.00
2024 02 16  1405   60356   50700  0  1.63e+04  5.28e+02  0  6.97e+03  4.21e+02  6.94e+01  2.89e+01  9.03e+00  -1.00
2024 02 16  1410   60356   51000  0  1.65e+04  5.50e+02  0  7.37e+03  4.04e+02  6.77e+01  2.78e+01  8.92e+00  -1.00
2024 02 16  1415   60356   51300  0  1.66e+04  5.47e+02  0  7.28e+03  4.07e+02  6.60e+01  2.78e+01  9.61e+00  -1.00
2024 02 16  1420   60356   51600  0  1.61e+04  5.47e+02  0  6.89e+03  4.14e+02  6.86e+01  2.68e+01  9.48e+00  -1.00
2024 02 16  1425   60356   51900  0  1.69e+04  5.36e+02  0  7.26e+03  4.06e+02  6.62e+01  2.72e+01  9.20e+00  -1.00
2024 02 16  1430   60356   52200  0  1.63e+04  5.37e+02  0  7.18e+03  4.06e+02  6.78e+01  2.72e+01  9.57e+00  -1.00
2024 02 16  1435   60356   52500  0  1.63e+04  5.27e+02  0  7.16e+03  4.02e+02  6.47e+01  2.76e+01  9.46e+00  -1.00
2024 02 16  1440   60356   52800  0  1.64e+04  5.31e+02  0  7.07e+03  3.93e+02  6.57e+01  2.76e+01  9.07e+00  -1.00
2024 02 16  1445   60356   53100  0  1.64e+04  5.06e+02  0  7.35e+03  4.03e+02  6.84e+01  2.72e+01  9.26e+00  -1.00
2024 02 16  1450   60356   53400  0  1.66e+04  5.28e+02  0  7.14e+03  4.25e+02  7.02e+01  2.73e+01  9.64e+00  -1.00
2024 02 16  1455   60356   53700  0  1.58e+04  5.01e+02  0  6.80e+03  4.09e+02  6.92e+01  2.82e+01  9.13e+00  -1.00
2024 02 16  1500   60356   54000  0  1.63e+04  5.05e+02  0  7.25e+03  4.18e+02  6.76e+01  2.88e+01  9.79e+00  -1.00
2024 02 16  1505   60356   54300  0  1.62e+04  5.06e+02  0  7.29e+03  4.26e+02  6.55e+01  2.69e+01  9.03e+00  -1.00
2024 02 16  1510   60356   54600  0  1.58e+04  5.06e+02  0  7.18e+03  4.28e+02  6.52e+01  2.84e+01  9.58e+00  -1.00
2024 02 16  1515   60356   54900  0  1.65e+04  5.22e+02  0  7.26e+03  4.12e+02  6.66e+01  2.63e+01  9.66e+00  -1.00
2024 02 16  1520   60356   55200  0  1.59e+04  5.07e+02  0  7.24e+03  4.19e+02  6.60e+01  2.66e+01  9.39e+00  -1.00
2024 02 16  1525   60356   55500  0  1.59e+04  4.96e+02  0  7.30e+03  4.09e+02  6.75e+01  2.95e+01  8.85e+00  -1.00
2024 02 16  1530   60356   55800  0  1.65e+04  5.02e+02  0  7.08e+03  4.30e+02  6.85e+01  2.79e+01  9.18e+00  -1.00
2024 02 16  1535   60356   56100  0  1.61e+04  5.00e+02  0  7.38e+03  4.30e+02  6.83e+01  2.76e+01  1.01e+01  -1.00
2024 02 16  1540   60356   56400  0  1.58e+04  5.08e+02  0  7.45e+03  4.19e+02  6.79e+01  2.63e+01  9.37e+00  -1.00
2024 02 16  1545   60356   56700  0  1.57e+04  4.79e+02  0  7.10e+03  4.33e+02  6.80e+01  2.85e+01  9.39e+00  -1.00
2024 02 16  1550   60356   57000  0  1.61e+04  5.16e+02  0  7.27e+03  4.06e+02  6.73e+01  2.87e+01  9.26e+00  -1.00
2024 02 16  1555   60356   57300  0  1.54e+04  4.89e+02  0  6.95e+03  4.34e+02  6.68e+01  2.80e+01  9.54e+00  -1.00
2024 02 16  1600   60356   57600  0  1.60e+04  5.05e+02  0  7.20e+03  4.17e+02  6.68e+01  2.75e+01  9.19e+00  -1.00
